1065358083271962697
864508989235789864
964650846858133584
964616258848960592
990674373985849364
1046107293332283483
996649631981252659
996652011770622073
996649784318365736
993090077708255232
807636033583448094
807636582118588496
1069040584049827851
1065358179275391187
1069273665084080162
1010139016181588051
785956711365869598
785958131146031144
974338918470275102
974339140516728912
974339218337853501
974339264018010112
974339343156133918
974345270223573033
1000315991873552434
974344170003136512
985771693479968839
985771619924467732
909739710522470411
909739751903481916
583558674711052300
583558223127117834
597713679399780387
583557903521284097
1002252888304799755
985202920683339856
1067241499043053608
1067241804988174406
1067241902514118686
1007974128533377055
1007924025844060262
1007924026024398932
1007924026196377724
1007924026024398928
1007924026024398929
1007924026024398930
546371056550543395
546371232119914498
858734007729258526
599861248204472346
921203156015276081
921203156015276073
921203156015276075
1041866158153932830
1071049701044002826
692156783875326023
983415462144647168
983415466582233200
983415467865677834
983415469354676264
984818019404492830
983415488925290536
983415490145824808
983415492494626866
983415493681618964
983415494742786089
983415496395345951
983415499469750372
983415501671784470
983415506268717196
983415473561534494
983415474555584582
983415475478331462
983415476719853618
983415481681711104
431110142252285962
431590612240957440
438438213607096340
431114550180577281
431115032592384010
431114988904513536
431115641911508992
543546161605246996
431117945599426590
431589259984502794
431591677791043604
431127334074974219
434668986928594944
664491443041075201
431123396160389121
617853770747084810
1046403060953530468
1046403071791603804
1046403145263222864
1046403087390228511
1046403161646178444
1046403173843206174
549949090872557589
549952532693385226
549951891522453542
566313755278049280
566318941660774421
566313502176968714
566330524910485504
549969639103528961
1046404060594581607
1046404068488253530
1046404097605124157
1046404083818438746
1067177688109953034
1046404188130779237
868599075715571753
869653050355220550
868599076986421299
868603199030976563
868603377372782603
868603541919514714
868599078043398284
868599079695945779
868599080543199252
868599082552270898
868599084292903032
868599087124054026
876531656041832480
876531700803444766
876531709615685642
876531837332234240
876531802813120553
876531813571510313
1045065735740866671
1045065745534554183
1045065775175700520
1045065760617279518
1045065802421915749
1045064393664237679
997930480617918504
997930726114725928
936154016323354634
936154162872320000
997916982080983040
997917014368735303
997932800843989022
1009616528754344056
935969913426817095
953658966620114965
935971580020944896
935971622840598678
994530822952583310
936187710178213920
935972634695438356
994534691745038336
935973645333970995
935975481449283595
964656024881614928
979321902076145765
979321810187350016
979321318761701416
979321212473843712
979320696893218816
1037659652244111370
979320515804160040
979319875392663572
979319159714381844
984012573093531668
979317103599448104
979316609992773652
979316576417370152
911011874177429574
911011875041456159
911011875985166427
911011877763563551
911011878887641150
911011879311278101
733081808702537729
733082331618869278
733082045735239732
733417069910949979
733304112786964540
1020254025372934154
840699136105381918
1020254884127326218
1020254624831242250
716063120438591499
764876144566206506
716064784965173298
716064817001267230
716071947699617823
716077130995204096
725460438862790656
715985636795875368
1065953738034004038
1015860888403714139
1015861041466454110
1015861083887644702
1015861147854975058
1015861515397632100
797428595400114236
797428608133496864
797428622201192478
797429651751305216
847880382535696424
847880383532892220
847880384733380628
888131280187822110
847880385236303913
847880389631803412
847880388515856437
891344454282272768
891344455423115285
891344456266178600
891344459269287936
891344461492289566
891344466902937600
966395052555403344
966395053620752444
966395056300908574
966395058591002685
966395059786358804
966395067025735761
1065362815222825050
966395070943219732
845329519266889740
839231851759796236
957058458006487080
914466503213060136
839235404711591988
839235671470112808
839239604627439636
1035911666916933632
1035911685279580271
1035911702304276543
1035911048185778226
1035911094625124382
977897342760001576
977897616148930600
977897719714680902
1001828565538570280
985209382902042685
985203033707282483
1001831937146630154
